 0 0 0 0
 0.025 0.010274 0.0100047 0.0100086
 0.05 0.021092 0.0200374 0.0200679
 0.075 0.032448 0.0301253 0.030227
 0.1 0.044336 0.0402946 0.0405325
 0.125 0.05675 0.0505709 0.0510292
 0.15 0.069684 0.0609788 0.0617597
 0.175 0.083132 0.071542 0.0727646
 0.2 0.097088 0.0822834 0.0840823
 0.225 0.111546 0.0932252 0.0957494
 0.25 0.1265 0.104389 0.1078
 0.275 0.141944 0.115794 0.120266
 0.3 0.157872 0.127462 0.133179
 0.325 0.174278 0.13941 0.146565
 0.35 0.191156 0.151658 0.160452
 0.375 0.2085 0.164221 0.174863
 0.4 0.226304 0.177118 0.189819
 0.425 0.244562 0.190363 0.205341
 0.45 0.263268 0.203973 0.221446
 0.475 0.282416 0.21796 0.23815
 0.5 0.302 0.23234 0.255467
 0.525 0.322014 0.247125 0.273407
 0.55 0.342452 0.262326 0.29198
 0.575 0.363308 0.277957 0.311194
 0.6 0.384576 0.294027 0.331054
 0.625 0.40625 0.310547 0.351563
 0.65 0.428324 0.327526 0.372721
 0.675 0.450792 0.344974 0.394528
 0.7 0.473648 0.362897 0.41698
 0.725 0.496886 0.381305 0.440074
 0.75 0.5205 0.400204 0.4638
 0.775 0.544484 0.4196 0.48815
 0.8 0.568832 0.439498 0.513113
 0.825 0.593538 0.459905 0.538674
 0.85 0.618596 0.480824 0.564819
 0.875 0.644 0.50226 0.591529
 0.9 0.669744 0.524215 0.618785
 0.925 0.695822 0.546693 0.646565
 0.95 0.722228 0.569695 0.674846
 0.975 0.748956 0.593224 0.7036
 1 0.776 0.61728 0.7328
 1.025 0.803354 0.641864 0.762416
 1.05 0.831012 0.666976 0.792416
 1.075 0.858968 0.692616 0.822765
 1.1 0.887216 0.718782 0.853426
 1.125 0.91575 0.745473 0.884362
 1.15 0.944564 0.772687 0.915532
 1.175 0.973652 0.800422 0.946894
 1.2 1.00301 0.828674 0.978401
 1.225 1.03263 0.857441 1.01001
 1.25 1.0625 0.886719 1.04167
 1.275 1.09262 0.916502 1.07333
 1.3 1.12299 0.946787 1.105
 1.325 1.1536 0.977569 1.13667
 1.35 1.18444 1.00884 1.16833
 1.375 1.2155 1.0406 1.2
 1.4 1.24678 1.07283 1.23167
 1.425 1.27828 1.10554 1.26333
 1.45 1.30999 1.13871 1.295
 1.475 1.3419 1.17234 1.32667
 1.5 1.374 1.20642 1.35833
 1.525 1.40629 1.24094 1.39
 1.55 1.43877 1.27589 1.42167
 1.575 1.47143 1.31127 1.45333
 1.6 1.50426 1.34705 1.485
 1.625 1.53725 1.38325 1.51667
 1.65 1.5704 1.41984 1.54833
 1.675 1.60371 1.45681 1.58
 1.7 1.63717 1.49416 1.61167
 1.725 1.67077 1.53187 1.64333
 1.75 1.7045 1.56993 1.675
 1.775 1.73836 1.60834 1.70667
 1.8 1.77235 1.64707 1.73833
 1.825 1.80646 1.68613 1.77
 1.85 1.84068 1.72548 1.80167
 1.875 1.875 1.76514 1.83333
 1.9 1.90942 1.80507 1.865
 1.925 1.94394 1.84527 1.89667
 1.95 1.97855 1.88573 1.92833
 1.975 2.01324 1.92643 1.96
 2 2.048 1.96736 1.99167
 2.025 2.08283 2.00851 2.02333
 2.05 2.11773 2.04985 2.055
 2.075 2.15269 2.09139 2.08667
 2.1 2.1877 2.1331 2.11833
 2.125 2.22275 2.17497 2.15
 2.15 2.25784 2.21699 2.18167
 2.175 2.29297 2.25915 2.21333
 2.2 2.32813 2.30141 2.245
 2.225 2.36331 2.34379 2.27667
 2.25 2.3985 2.38625 2.30833
 2.275 2.4337 2.42878 2.34
 2.3 2.46891 2.47138 2.37167
 2.325 2.50412 2.51402 2.40333
 2.35 2.53932 2.55669 2.435
 2.375 2.5745 2.59938 2.46667
 2.4 2.60966 2.64206 2.49833
 2.425 2.6448 2.68473 2.53
 2.45 2.67991 2.72737 2.56167
 2.475 2.71498 2.76997 2.59333
 2.5 2.75 2.8125 2.625
 2.525 2.78497 2.85496 2.65667
 2.55 2.81989 2.89733 2.68833
 2.575 2.85475 2.9396 2.72
 2.6 2.88954 2.98174 2.75167
 2.625 2.92425 3.02375 2.78333
 2.65 2.95888 3.06561 2.815
 2.675 2.99343 3.10731 2.84667
 2.7 3.02789 3.14883 2.87833
 2.725 3.06225 3.19015 2.91
 2.75 3.0965 3.23126 2.94167
 2.775 3.13064 3.27216 2.97333
 2.8 3.16467 3.31281 3.005
 2.825 3.19858 3.35322 3.03667
 2.85 3.23236 3.39335 3.06833
 2.875 3.266 3.43321 3.1
 2.9 3.2995 3.47278 3.13167
 2.925 3.33286 3.51204 3.16333
 2.95 3.36607 3.55098 3.195
 2.975 3.39912 3.58958 3.22667
 3 3.432 3.62784 3.25833
 3.025 3.46471 3.66574 3.29
 3.05 3.49725 3.70326 3.32167
 3.075 3.52961 3.7404 3.35333
 3.1 3.56178 3.77714 3.385
 3.125 3.59375 3.81348 3.41667
 3.15 3.62552 3.84939 3.44833
 3.175 3.65709 3.88486 3.48
 3.2 3.68845 3.91989 3.51167
 3.225 3.71959 3.95447 3.54333
 3.25 3.7505 3.98858 3.575
 3.275 3.78118 4.02221 3.60667
 3.3 3.81163 4.05535 3.63833
 3.325 3.84184 4.088 3.67
 3.35 3.8718 4.12013 3.70167
 3.375 3.9015 4.15175 3.73333
 3.4 3.93094 4.18284 3.765
 3.425 3.96012 4.2134 3.79667
 3.45 3.98903 4.24342 3.82833
 3.475 4.01766 4.27288 3.86
 3.5 4.046 4.30178 3.89167
 3.525 4.07405 4.33012 3.92333
 3.55 4.10181 4.35788 3.955
 3.575 4.12927 4.38506 3.98667
 3.6 4.15642 4.41165 4.01833
 3.625 4.18325 4.43765 4.05
 3.65 4.20976 4.46306 4.08167
 3.675 4.23595 4.48786 4.11333
 3.7 4.26181 4.51205 4.145
 3.725 4.28733 4.53563 4.17667
 3.75 4.3125 4.55859 4.20833
 3.775 4.33732 4.58094 4.23999
 3.8 4.36179 4.60267 4.27157
 3.825 4.3859 4.62377 4.303
 3.85 4.40964 4.64424 4.33422
 3.875 4.433 4.66409 4.36516
 3.9 4.45598 4.68331 4.39576
 3.925 4.47858 4.7019 4.42596
 3.95 4.50079 4.71987 4.4557
 3.975 4.5226 4.73721 4.48493
 4 4.544 4.75392 4.5136
 4.025 4.56499 4.77001 4.54166
 4.05 4.58557 4.78548 4.56907
 4.075 4.60573 4.80032 4.59579
 4.1 4.62546 4.81456 4.62178
 4.125 4.64475 4.82818 4.647
 4.15 4.6636 4.84119 4.67142
 4.175 4.68201 4.85361 4.69501
 4.2 4.69997 4.86543 4.71776
 4.225 4.71747 4.87666 4.73963
 4.25 4.7345 4.88731 4.7606
 4.275 4.75106 4.89738 4.78066
 4.3 4.76715 4.90689 4.7998
 4.325 4.78276 4.91585 4.818
 4.35 4.79788 4.92426 4.83525
 4.375 4.8125 4.93213 4.85156
 4.4 4.82662 4.93948 4.86692
 4.425 4.84024 4.94631 4.88133
 4.45 4.85335 4.95264 4.8948
 4.475 4.86594 4.95849 4.90733
 4.5 4.878 4.96386 4.91893
 4.525 4.88953 4.96877 4.92963
 4.55 4.90053 4.97324 4.93942
 4.575 4.91099 4.97728 4.94835
 4.6 4.9209 4.98092 4.95642
 4.625 4.93025 4.98415 4.96366
 4.65 4.93904 4.98702 4.97011
 4.675 4.94727 4.98953 4.97579
 4.7 4.95493 4.9917 4.98074
 4.725 4.96201 4.99356 4.985
 4.75 4.9685 4.99512 4.9886
 4.775 4.9744 4.99642 4.9916
 4.8 4.97971 4.99747 4.99403
 4.825 4.98442 4.99829 4.99596
 4.85 4.98852 4.99891 4.99743
 4.875 4.992 4.99937 4.9985
 4.9 4.99486 4.99967 4.99922
 4.925 4.9971 4.99986 4.99967
 4.95 4.99871 4.99996 4.9999
 4.975 4.99968 4.99999 4.99999
 5 5 5 5
